{"model_encoding": {"Steam_Flow": {"attr": {"x_data_columns": ["Bypass_Fraction", "NG_Steam_Ratio"], "x_data": [[0.363768116, 0.926315789], [0.789855072, 0.821052632], [0.363768116, 0.957894737], [0.191304348, 0.926315789], [0.485507246, 0.821052632], [0.18115942, 0.957894737], [0.779710145, 1.147368421], [0.576811594, 0.978947368], [0.637681159, 0.831578947], [0.749275362, 1.052631579], [0.536231884, 1.189473684], [0.688405797, 0.831578947], [0.779710145, 0.842105263], [0.536231884, 0.915789474], [0.160869565, 1.126315789], [0.526086957, 0.947368421], [0.14057971, 1.0], [0.171014493, 0.884210526], [0.789855072, 1.0], [0.363768116, 1.105263158], [0.333333333, 0.810526316], [0.515942029, 1.084210526], [0.607246377, 0.915789474], [0.384057971, 0.905263158], [0.18115942, 1.063157895], [0.779710145, 0.873684211], [0.647826087, 0.894736842], [0.404347826, 1.147368421], [0.444927536, 0.894736842], [0.373913043, 0.8], [0.211594203, 0.810526316], [0.739130435, 0.915789474], [0.688405797, 1.094736842], [0.576811594, 1.115789474], [0.637681159, 1.094736842], [0.536231884, 1.073684211], [0.414492754, 1.031578947], [0.130434783, 1.042105263], [0.302898551, 0.978947368], [0.272463768, 1.189473684], [0.120289855, 0.989473684], [0.110144928, 1.031578947], [0.546376812, 1.189473684], [0.444927536, 1.2], [0.242028986, 0.905263158], [0.191304348, 0.884210526], [0.302898551, 0.905263158], [0.282608696, 1.105263158], [0.465217391, 0.852631579], [0.657971014, 1.105263158], [0.607246377, 1.0], [0.739130435, 0.831578947], [0.18115942, 1.084210526], [0.668115942, 0.884210526], [0.698550725, 0.852631579], [0.252173913, 1.136842105], [0.505797101, 1.178947368], [0.130434783, 1.136842105], [0.22173913, 1.178947368], [0.698550725, 0.905263158], [0.394202899, 1.168421053], [0.607246377, 0.842105263], [0.282608696, 0.936842105], [0.242028986, 1.010526316], [0.708695652, 0.842105263], [0.282608696, 0.957894737], [0.749275362, 0.968421053], [0.333333333, 1.021052632], [0.708695652, 0.957894737], [0.75942029, 0.968421053], [0.252173913, 0.894736842], [0.688405797, 0.926315789], [0.14057971, 1.168421053], [0.485507246, 1.115789474], [0.688405797, 0.810526316], [0.110144928, 1.010526316], [0.647826087, 1.073684211], [0.110144928, 1.2], [0.586956522, 1.115789474], [0.556521739, 1.052631579]], "x_data_min": [[0.110144928, 0.8]], "x_data_max": [[0.789855072, 1.2]], "x_data_scaled": [[0.37313432827037507, 0.31578947249999995], [1.0, 0.052631579999999914], [0.37313432827037507, 0.39473684250000013], [0.11940298481112561, 0.31578947249999995], [0.5522388054870635, 0.052631579999999914], [0.1044776109741272, 0.39473684250000013], [0.9850746276342169, 0.8684210524999999], [0.6865671641351876, 0.4473684200000001], [0.7761194027435317, 0.07894736749999993], [0.9402985075944371, 0.6315789475000001], [0.6268656717296247, 0.97368421], [0.850746268986093, 0.07894736749999993], [0.9850746276342169, 0.1052631574999999], [0.6268656717296247, 0.2894736849999999], [0.07462686477134581, 0.8157894725], [0.6119402993638416, 0.36842105249999985], [0.044776118568564414, 0.5], [0.08955223860834417, 0.21052631500000007], [1.0, 0.5], [0.37313432827037507, 0.7631578950000003], [0.3283582082305954, 0.026315789999999957], [0.5970149255268433, 0.7105263149999997], [0.7313432841749673, 0.2894736849999999], [0.4029850744731565, 0.263157895], [0.1044776109741272, 0.6578947375], [0.9850746276342169, 0.18421052750000003], [0.7910447765805302, 0.23684210500000002], [0.43283582067593795, 0.8684210524999999], [0.49253731308150084, 0.23684210500000002], [0.38805970063615813, 0.0], [0.14925373101390702, 0.026315789999999957], [0.925373135228654, 0.2894736849999999], [0.850746268986093, 0.7368421050000002], [0.6865671641351876, 0.7894736850000003], [0.7761194027435317, 0.7368421050000002], [0.6268656717296247, 0.6842105275], [0.44776119451293633, 0.5789473675000002], [0.029850746202781393, 0.6052631575000001], [0.28358208966203097, 0.4473684200000001], [0.23880596962225117, 0.97368421], [0.01492537236578302, 0.47368421000000005], [0.0, 0.5789473675000002], [0.6417910455666231, 0.97368421], [0.49253731308150084, 1.0], [0.19402985105368678, 0.263157895], [0.11940298481112561, 0.21052631500000007], [0.28358208966203097, 0.263157895], [0.2537313434592495, 0.7631578950000003], [0.5223880592842821, 0.13157894749999985], [0.8059701489463131, 0.7631578950000003], [0.7313432841749673, 0.5], [0.925373135228654, 0.07894736749999993], [0.1044776109741272, 0.7105263149999997], [0.8208955227833116, 0.21052631500000007], [0.8656716428230914, 0.13157894749999985], [0.20895522341946982, 0.8421052625], [0.582089551689845, 0.9473684200000001], [0.029850746202781393, 0.8421052625], [0.16417910337969002, 0.9473684200000001], [0.8656716428230914, 0.263157895], [0.4179104483101549, 0.9210526325000004], [0.7313432841749673, 0.1052631574999999], [0.2537313434592495, 0.3421052624999999], [0.19402985105368678, 0.52631579], [0.8805970151888742, 0.1052631574999999], [0.2537313434592495, 0.39473684250000013], [0.9402985075944371, 0.4210526325000001], [0.3283582082305954, 0.5526315799999999], [0.8805970151888742, 0.39473684250000013], [0.9552238814314356, 0.4210526325000001], [0.20895522341946982, 0.23684210500000002], [0.850746268986093, 0.31578947249999995], [0.044776118568564414, 0.9210526325000004], [0.5522388054870635, 0.7894736850000003], [0.850746268986093, 0.026315789999999957], [0.0, 0.52631579], [0.7910447765805302, 0.6842105275], [0.0, 1.0], [0.701492537972186, 0.7894736850000003], [0.6567164179324062, 0.6315789475000001]], "optimal_weights": [0.42162075729531645, 0.2116468336432184], "optimal_p": 2, "optimal_mean": [[0.6907912773174775]], "optimal_variance": [[0.0725058329686199]], "regularization_parameter": 1.000000000001e-06, "optimal_covariance_matrix": [[1.000001, 0.8349885089467263, 0.998681741150279, 0.973221308077973, 0.9722114978678419, 0.9687485352362345, 0.8004973859325574, 0.9559168668620623, 0.9228006117701116, 0.8549340053964015, 0.8880298541596373, 0.8975832530024473, 0.8459752407168176, 0.9730786736714874, 0.9134917401600195, 0.9756702669113698, 0.9487208283739151, 0.9643978584564249, 0.8412534853180017, 0.9585259139037214, 0.9815912918643919, 0.9473270352011257, 0.9471988105002457, 0.9990384908971279, 0.9462945608925298, 0.8508248717723498, 0.9277853913283668, 0.9359997548057608, 0.992696594180822, 0.9790231615495997, 0.9618780103189352, 0.8792137099106475, 0.8748532488848604, 0.9149290950681188, 0.8994320143335135, 0.9456606829408193, 0.9831387096558071, 0.9348022542914645, 0.9929792841699866, 0.9055489776932298, 0.9423521756674758, 0.929267242150914, 0.885115419143614, 0.9002414419198863, 0.985987891986699, 0.9709416640587232, 0.9960403496106766, 0.9527814226290195, 0.9835623662206017, 0.8857256727502366, 0.9405583200089312, 0.8689646193638444, 0.9385592488717458, 0.9167908625991991, 0.896314280038207, 0.9324006954168654, 0.902277508091576, 0.8973464611171437, 0.9022775078576807, 0.9022455872630522, 0.9246123151005005, 0.9384927295556436, 0.9938612718009671, 0.9773549427134449, 0.8887355446387794, 0.9926965940978874, 0.8711247715671132, 0.9873630609764178, 0.8959288995593306, 0.8648474553173545, 0.9873962781138168, 0.9083030089414547, 0.8842687765088477, 0.9408104914996184, 0.8923363041133002, 0.934183492442374, 0.9027014586709511, 0.8540349703793663, 0.9112414289101654, 0.9464735141795919], [0.8349885089467263, 1.000001, 0.8265865617060921, 0.710630081290783, 0.918943367620037, 0.6956605655094535, 0.8685348836397355, 0.9283018825901852, 0.9789455407566482, 0.9301191649800701, 0.788005686729841, 0.990506471886299, 0.9993200289181335, 0.9318586971863276, 0.6161248916329284, 0.9188815410417127, 0.6524194057262711, 0.7013387033271012, 0.9585259143575074, 0.7614507843077706, 0.8266773292145637, 0.852078963369672, 0.9585790592501763, 0.8524357703776129, 0.659905543958622, 0.996248884254259, 0.9747338229381882, 0.7584498879163025, 0.890691621400634, 0.8534477164654669, 0.7369002853119063, 0.9858803965773955, 0.8972026583618382, 0.8552761929826563, 0.8867307448135019, 0.8666447314183318, 0.8292706966264513, 0.6303611589715366, 0.7792861163886928, 0.654527288095093, 0.6397672358147197, 0.6186295265559123, 0.791640629481538, 0.7419083267664003, 0.7533237450122788, 0.7173274880043146, 0.79789420019567, 0.7105918008712343, 0.9071056305374734, 0.8845091612521748, 0.9297962880144063, 0.9975084620102979, 0.6506852291823332, 0.9813742057016641, 0.9911128277408625, 0.673179808835416, 0.7842162827426102, 0.5893483128160008, 0.6287776782990853, 0.9831552471634895, 0.7389895004537387, 0.96945874238485, 0.7768230592371719, 0.7251560840660759, 0.9934243576723725, 0.7713770155121235, 0.9702219143244619, 0.7841884097801202, 0.969687544066716, 0.9708600077773635, 0.7626074323132335, 0.9762375880750301, 0.5802341632323877, 0.819188118485113, 0.9905064718587152, 0.6255591545568978, 0.9022775080915761, 0.5424956262748062, 0.8585760802828752, 0.8863661848789245], [0.998681741150279, 0.8265865617060921, 1.000001, 0.9719383504758622, 0.9624287647831348, 0.9700272822855783, 0.8143432313620543, 0.9588636796828051, 0.9143187841434323, 0.8628649404178801, 0.9065731376792785, 0.8893332081547772, 0.8389369984794907, 0.9709416640587232, 0.9276589608654068, 0.976099372736266, 0.9533207209495207, 0.9597445172968777, 0.8453323202561458, 0.9716810302654662, 0.9708600077234334, 0.95864087689043, 0.9451186364937592, 0.9959682114655772, 0.9559132958309736, 0.8459752407168176, 0.9241210423060056, 0.9521893241345724, 0.9887758741216499, 0.9674687689434096, 0.9513622423784241, 0.8772828401869653, 0.8860804360982321, 0.9283018822024112, 0.9109746263355767, 0.9561134294608019, 0.990515267669762, 0.9426447558400042, 0.9960403496106766, 0.9244580845837604, 0.9460888152585519, 0.9362395988030023, 0.9035978452556483, 0.9198482966597747, 0.9829577201043259, 0.9662567482127722, 0.9929792841699866, 0.9658576997543268, 0.9762375878031648, 0.8978816553069943, 0.9451186364937592, 0.8609776197659689, 0.9497683776764704, 0.9123672311920765, 0.8896392549262847, 0.9476942265341335, 0.9203086093367863, 0.9120650215960479, 0.9203086090982169, 0.8994727751101455, 0.9422607484143455, 0.9306847715319715, 0.9934243576170422, 0.982957720104326, 0.8813415504093616, 0.9940069525597834, 0.873042087663935, 0.9938968784228397, 0.8971115247660402, 0.8667509552538701, 0.9834964919992615, 0.9071056304616895, 0.9011471570785846, 0.9545615663144342, 0.8825808035214556, 0.9395387855110918, 0.9126793605769105, 0.8726354688981884, 0.9245603163763649, 0.9552536304144449], [0.973221308077973, 0.710630081290783, 0.9719383504758622, 1.000001, 0.9106047839443269, 0.9985879462698153, 0.6834549230116288, 0.8699764037489205, 0.8238990562587561, 0.7369587139928682, 0.8185823819211828, 0.7886903460606095, 0.7222833617879789, 0.8969800449383541, 0.9476623450718304, 0.9022455872128002, 0.9905152674766731, 0.997282888431191, 0.7159619878024309, 0.9328578437560143, 0.9645015158636321, 0.8788373331226178, 0.8538230680796328, 0.9660955705881489, 0.9754423441760712, 0.7264239177447385, 0.8257085696786651, 0.8993730420744125, 0.9417446997317446, 0.9497683779930213, 0.9820523705891174, 0.7603120748965311, 0.768717898097156, 0.8326735842892844, 0.8030349983804542, 0.871706250307832, 0.9416555217843577, 0.9791052048050258, 0.985083431020617, 0.9069960160023631, 0.9901698890992591, 0.9795440596902596, 0.8132945532067913, 0.8540349703793663, 0.9970699444101556, 0.9976576303865028, 0.9881201558495887, 0.9512613374307941, 0.9271389290538142, 0.7857630914572304, 0.8478372033361443, 0.7514490337364538, 0.9674687689254958, 0.8107291698700357, 0.7850643022554077, 0.939874274542802, 0.8397220687001287, 0.939874274542802, 0.9182647515529816, 0.7902594192714358, 0.8912728432092761, 0.8459752407168177, 0.9922756470475104, 0.9883399647400856, 0.7759443850782267, 0.9911128274928949, 0.750915260510391, 0.9701727968783509, 0.7822248173104552, 0.7431272879132049, 0.9953106696939727, 0.7981096038207562, 0.9232238794484697, 0.8811935841361781, 0.7840799459430702, 0.984726297426095, 0.8033844219284877, 0.9002414419198863, 0.8266733469042299, 0.8669010982894388], [0.9722114978678419, 0.918943367620037, 0.9624287647831348, 0.9106047839443269, 1.000001, 0.8964604673932375, 0.8026448627311998, 0.9602265990323477, 0.9789455407566482, 0.8742124918519762, 0.8336879413287214, 0.9629865764629453, 0.9235082004699781, 0.9858803964861214, 0.802966349766973, 0.9776448393959509, 0.8599046445570263, 0.9088850917975004, 0.880831031690763, 0.8865884974852182, 0.9789455407293862, 0.9116934719661214, 0.9749227114065965, 0.9814023330035231, 0.8503848884107773, 0.9206700433232747, 0.9692562703940294, 0.8634108032738503, 0.9913529119998779, 0.9881201557945538, 0.9336846763146576, 0.9318586967549641, 0.8722750844060094, 0.8846895233364822, 0.8867307448135019, 0.9168858476109407, 0.9387273887821421, 0.8355266108828968, 0.9385592495766195, 0.8017422364511685, 0.8527863748750338, 0.8292706966264514, 0.8328270580317705, 0.8257549105719075, 0.9384927299727008, 0.9191868729297595, 0.9609705165126575, 0.8655253271350375, 0.9983066146000416, 0.8745960303405678, 0.9456491975485714, 0.9428495978193361, 0.8385031631791459, 0.9649223998424166, 0.9581612343036672, 0.8339363810678306, 0.8438247785062614, 0.7811651962187935, 0.7922116151836055, 0.9504682199316645, 0.8460115098482285, 0.9859878917676171, 0.9461972846406816, 0.9034013828681215, 0.954998933047555, 0.9395638155084245, 0.9119047852208878, 0.9286304579990083, 0.9321802539077924, 0.907376672074297, 0.944719484945536, 0.9491141344735519, 0.7647627392976837, 0.8914457053068686, 0.9629865764361277, 0.8385598385006391, 0.897207126471816, 0.7272134720473148, 0.8831121683732848, 0.9272407589695608], [0.9687485352362345, 0.6956605655094535, 0.9700272822855783, 0.9985879462698153, 0.8964604673932375, 1.000001, 0.6876777708601283, 0.8663699204464297, 0.8095309152012631, 0.7360811033471197, 0.8302772609552432, 0.7742087143780293, 0.7084461475065259, 0.8892286257738174, 0.962811558161928, 0.8969800443486783, 0.9961595069212709, 0.9927505600664857, 0.7114371164455319, 0.9425571090368609, 0.9513622423784241, 0.8839203676251065, 0.8453323195987452, 0.9596050527965807, 0.9854499077372861, 0.7143896398155898, 0.8154478755500545, 0.9112414293669424, 0.9335427479139478, 0.935303271536017, 0.9708600077234334, 0.7509152598293097, 0.7713770147979724, 0.8387561703244648, 0.8065700232479089, 0.8756483138330953, 0.9447194845432044, 0.9883399650517758, 0.9859878917676171, 0.9244580845837603, 0.9953106696939727, 0.9882850082637437, 0.8247589439859642, 0.8684654723099378, 0.992979284059669, 0.9927505600481036, 0.9829577198859175, 0.9625974262891672, 0.9154928848054086, 0.7896197363221611, 0.8453323195987452, 0.7369587132423534, 0.9791151187403988, 0.7996503373758039, 0.771860885763885, 0.9541246916699889, 0.8514499662179374, 0.956277861818589, 0.9359997553531462, 0.7803925569522485, 0.9047939727834793, 0.8324223926564638, 0.9900710323046222, 0.992979284059669, 0.7620805734848659, 0.9906516606855882, 0.7447628858867767, 0.9739364639877381, 0.7757165935908023, 0.7369002845341617, 0.9901698890992591, 0.7896804904226535, 0.941641451750676, 0.8891325147442788, 0.7683304108780723, 0.9917675962329308, 0.8053516926567091, 0.9211451349567894, 0.8325556947725261, 0.8689646193638444], [0.8004973859325574, 0.8685348836397355, 0.8143432313620543, 0.6834549230116288, 0.8026448627311998, 0.6876777708601283, 1.000001, 0.9276589604520676, 0.8604310685541985, 0.987363061223885, 0.9451186364937592, 0.8697750907181871, 0.8840291634113185, 0.8824620463639797, 0.704635871643054, 0.8943897467224933, 0.669309672322868, 0.6506852287293218, 0.9715897712743774, 0.8519479595673872, 0.7175428507433297, 0.9335427479139478, 0.9065731376792784, 0.8022039015302028, 0.7143896398155898, 0.9056691608176318, 0.9045685183655604, 0.8793425855391863, 0.8296872397656125, 0.7335265459776802, 0.6410612194443605, 0.9301191649800702, 0.9887912749497644, 0.9618580799890906, 0.9781686580373162, 0.9405583201922817, 0.8698284453443702, 0.6707451864876474, 0.7827061147815414, 0.7888707026225338, 0.6506370792973606, 0.6525523349180264, 0.9492999767396437, 0.8994727751101455, 0.7107991321161024, 0.6652692561708582, 0.7520055694018156, 0.7962401361365261, 0.8145081560202699, 0.9842552230166697, 0.9456606833095095, 0.875101310259531, 0.7173274871008052, 0.902153281994301, 0.8861032289045874, 0.7756029052693174, 0.932590517460694, 0.6805489324367742, 0.7516860858516891, 0.9198482966597747, 0.8726582871456066, 0.8603560187942395, 0.7526633159894252, 0.7493116715541968, 0.8799700042877575, 0.7610943346009537, 0.9577160072395358, 0.8163262717917442, 0.9492426184038174, 0.9581658711278233, 0.7129155835528812, 0.9303028827678695, 0.6884125181621916, 0.9228316562044194, 0.8541100105489466, 0.6479775114078439, 0.977208810048833, 0.6617991072158471, 0.9653878276380263, 0.9442815241148659], [0.9559168668620623, 0.9283018825901852, 0.9588636796828051, 0.8699764037489205, 0.9602265990323477, 0.8663699204464297, 0.9276589604520676, 1.000001, 0.9684011002020733, 0.9662567482127722, 0.9416414517506762, 0.9607006848975637, 0.9395638151604803, 0.9932436443095688, 0.8297652880821389, 0.9963395103244358, 0.8400867860396388, 0.8503144111071264, 0.9588636796293998, 0.939388507884431, 0.9124503765244518, 0.9821235005340168, 0.9938968785889095, 0.9597445174839682, 0.8587843023715294, 0.9491141344735519, 0.9861146033714678, 0.9373808243223244, 0.9750627300825587, 0.923182889540722, 0.8527863748750338, 0.9711048594531039, 0.9713196738899614, 0.975533965047736, 0.9791052048050258, 0.9867141210194875, 0.9726718038513786, 0.8293511599837154, 0.9338215363533773, 0.8666165135317957, 0.8266773292145637, 0.8167636573025213, 0.942260748466687, 0.9226454025888307, 0.8963142805858881, 0.8628649404178801, 0.9271389290538142, 0.9047511229243262, 0.9680507654970641, 0.9732472350591153, 0.9985694370444531, 0.948596269552088, 0.8542648491688218, 0.9807085811392695, 0.9659618091443626, 0.8788373331226178, 0.9441087294814016, 0.8066920220967096, 0.8453813126472856, 0.9795060677624796, 0.9250386980654693, 0.9747096873187315, 0.9218853272831284, 0.9015846200527156, 0.9601715586406989, 0.9235082009658759, 0.9730786736714874, 0.9451186363884795, 0.9836754320856679, 0.9698851159925315, 0.8998225382949441, 0.985083431020617, 0.8015944907069608, 0.9681404861774933, 0.9522891415829478, 0.8186813115069879, 0.9836605726532868, 0.7684509402322219, 0.9754423441760712, 0.9924708728592395], [0.9228006117701116, 0.9789455407566482, 0.9143187841434323, 0.8238990562587561, 0.9789455407566482, 0.8095309152012631, 0.8604310685541985, 0.9684011002020733, 1.000001, 0.9268143630129654, 0.8362505314483726, 0.9976546772562129, 0.9816155974119867, 0.9814023327848803, 0.7244178911032401, 0.9713196740877988, 0.7687178980971561, 0.8167636573025213, 0.9430324626258622, 0.8457333665702373, 0.918404768059524, 0.906695010863213, 0.9898263284755577, 0.9362395986204938, 0.7701776639789983, 0.9794598395024852, 0.9946439580137381, 0.8339363803711202, 0.9615749653366055, 0.9372444561307791, 0.8468204311253823, 0.9814023326031612, 0.9103244351433107, 0.8956275462497311, 0.9124644587914116, 0.9167433285081316, 0.9063130666504795, 0.7456971992814517, 0.8772090610921617, 0.7473967954689941, 0.7578482034088542, 0.7357390701248385, 0.8377441853236074, 0.8077890935343195, 0.8606744581114666, 0.8306893749431905, 0.8963142804111625, 0.8072377924943996, 0.9726508957576224, 0.9053289710813677, 0.9623595127239353, 0.9906516606855882, 0.7598619687509989, 0.9955005991807717, 0.9960403494445429, 0.7719077964880501, 0.8390478460587475, 0.6990220759947193, 0.7279672185628264, 0.9894924410606085, 0.8153097257315031, 0.999008614121663, 0.8783476827161389, 0.8309250317317745, 0.995262456371522, 0.872701380981652, 0.9645100801300518, 0.8763239876026083, 0.9746193571528045, 0.9624287642208621, 0.8685748985978925, 0.9858803964861214, 0.6868791934203724, 0.8798691271191574, 0.9970699444101556, 0.7435444575178242, 0.9253073157641519, 0.6482258688308652, 0.8965533456382043, 0.9317894770257433], [0.8549340053964015, 0.9301191649800701, 0.8628649404178801, 0.7369587139928682, 0.8742124918519762, 0.7360811033471197, 0.987363061223885, 0.9662567482127722, 0.9268143630129654, 1.000001, 0.9359526565514689, 0.9342431653627267, 0.9422607484143455, 0.9359526565514688, 0.7238730829463039, 0.9416555221679486, 0.7104992581905438, 0.709866751371706, 0.9948463108632429, 0.8699764037489204, 0.7902387557337932, 0.95027444771428, 0.9577397219572733, 0.8603190130383251, 0.7447628858867767, 0.9577160072395356, 0.9585145652068823, 0.8865238502775782, 0.8891325147442788, 0.8081521494991538, 0.7107991321161024, 0.9754423445472697, 0.9942900157547918, 0.9680996165373773, 0.9863837400877757, 0.9588636796293998, 0.9022455877641055, 0.7049457756588531, 0.8277724123459723, 0.7927507572343234, 0.6932830802801789, 0.6884125189652418, 0.9395638155084245, 0.8929198382046547, 0.768330411589403, 0.7249596881335192, 0.8101281843896426, 0.8167636573025213, 0.8811323720742744, 0.9887912749497644, 0.9781686582908847, 0.9373193640114771, 0.743890119545922, 0.9574010030799285, 0.9462392966400757, 0.790657965984845, 0.9275526170594707, 0.6984663387149068, 0.759515844642556, 0.9694021247352267, 0.875648314400576, 0.9258557280579361, 0.805351693342666, 0.7888707033528808, 0.941641451750676, 0.8100871718553256, 0.9906633903410781, 0.8528224972044263, 0.986714121266792, 0.9905703485336151, 0.7722186416389953, 0.9758100944265429, 0.7005720389080982, 0.9335427479139478, 0.9222705401954202, 0.6872027771097965, 0.9900710324879464, 0.6693096731036342, 0.9711048595785421, 0.9666621384761095], [0.8880298541596373, 0.788005686729841, 0.9065731376792785, 0.8185823819211828, 0.8336879413287214, 0.8302772609552432, 0.9451186364937592, 0.9416414517506762, 0.8362505314483726, 0.9359526565514689, 1.000001, 0.8264900351006835, 0.8075791218158699, 0.9056691608176317, 0.8747149418118454, 0.9253073163739538, 0.8266733473186156, 0.7827127150515, 0.8992532729982677, 0.9641347206127036, 0.7965035160745734, 0.9850797512687346, 0.9015106382380432, 0.8798691277807339, 0.8727013807077196, 0.8302631778253295, 0.8813720479891699, 0.9819468270018934, 0.8846895233364823, 0.7987570813335239, 0.7511636479493268, 0.8722750844060095, 0.9675338653306317, 0.9913529119998779, 0.9789600294194397, 0.9824213894801886, 0.9545615663144342, 0.8361020258460133, 0.8973464611171437, 0.9384816177503772, 0.8099389330156906, 0.8198297805598348, 0.9999060813103925, 0.9922756470475104, 0.8304075080068613, 0.7930727507255748, 0.8551018274241773, 0.9341834926504972, 0.8566809330046472, 0.9773549429311861, 0.9492426184038174, 0.813016430686409, 0.8783476821469087, 0.8701077459334254, 0.8401861398344636, 0.9256121749683194, 0.9990086140661693, 0.8573224368956293, 0.9135596005391953, 0.8773110127013617, 0.9811840668928508, 0.8485580551887675, 0.8666447314183318, 0.8857256731695574, 0.8296442225538113, 0.8784100831491094, 0.8993730426003781, 0.9276589608654067, 0.9065731376792785, 0.8957480758674904, 0.8281620344078889, 0.8933839465500828, 0.8663699204464297, 0.9905152676697621, 0.8097034624534023, 0.8121753500703117, 0.9713196741875068, 0.8471928679474551, 0.9905152676697621, 0.9751675335764678], [0.8975832530024473, 0.990506471886299, 0.8893332081547772, 0.7886903460606095, 0.9629865764629453, 0.7742087143780293, 0.8697750907181871, 0.9607006848975637, 0.9976546772562129, 0.9342431653627267, 0.8264900351006835, 1.000001, 0.9922756470475104, 0.9699476627732874, 0.6915092258917943, 0.9590814641355067, 0.7324196684114528, 0.7803925576891964, 0.9541692755531839, 0.8226220232805136, 0.8907940110685014, 0.8944305723341346, 0.984726297426095, 0.9123672311920765, 0.7365725605718334, 0.9900964782566231, 0.9932436441436081, 0.81420056370727, 0.9423521756674758, 0.9124890261526024, 0.8121563658505763, 0.9883399647400856, 0.9124644587914116, 0.8885058029319646, 0.9103244351433107, 0.9060433413952094, 0.8856958763474441, 0.7098189910497841, 0.8484427822122357, 0.7208534368127123, 0.7207081367256446, 0.6990256566661878, 0.8287442722975651, 0.7916406283581369, 0.8277724123459723, 0.7951904855527058, 0.8669214848986925, 0.7793008157735931, 0.9549989329943648, 0.9049039143940213, 0.9574010030799285, 0.9976546772562129, 0.7267069692887638, 0.9959682114655772, 0.9993200288439712, 0.7430967532453924, 0.8269214039889553, 0.6653895779442537, 0.6988243845851807, 0.9927505600481036, 0.7952674341471986, 0.9938612718009671, 0.847949726880857, 0.799160253348874, 0.9994778741559656, 0.8424988329946914, 0.9722410293207241, 0.8499783396828762, 0.9787473414296184, 0.9710546472169908, 0.836155807772738, 0.988198039824287, 0.6544453203561185, 0.8655253261637202, 0.9994138925427929, 0.7064415548690519, 0.9240046177907135, 0.6158793681442256, 0.8902600078762917, 0.9226454025888307], [0.8459752407168176, 0.9993200289181335, 0.8389369984794907, 0.7222833617879789, 0.9235082004699781, 0.7084461475065259, 0.8840291634113185, 0.9395638151604803, 0.9816155974119867, 0.9422607484143455, 0.8075791218158699, 0.9922756470475104, 1.000001, 0.9405583200089312, 0.6336001322391743, 0.929267242150914, 0.6664707923744263, 0.7114371164455319, 0.9674687689434097, 0.7791974021628455, 0.8326397243018767, 0.8684654723099378, 0.9662567482127722, 0.8623159567068329, 0.6759855509779725, 0.998681741150279, 0.9806523669345522, 0.7773644902461527, 0.8994727751101455, 0.8584541009524377, 0.743890119545922, 0.9913529118066255, 0.9120759697445313, 0.8722750837744343, 0.9022775078576807, 0.8824620458233289, 0.844329083347351, 0.6455706068681077, 0.7927507572343233, 0.6740693545242358, 0.6534085144138934, 0.6334225073076094, 0.8111519675448591, 0.7620699192740384, 0.7640618955703328, 0.7273827964318917, 0.8083560810295792, 0.7282466477065341, 0.9135596005391953, 0.9002065257944182, 0.9416496593203298, 0.9983520201215428, 0.6673225797939852, 0.9863837400877757, 0.9938612718009671, 0.6915092258917943, 0.8036773155832905, 0.6067613494658448, 0.647779539173856, 0.98877587412165, 0.7584498872615354, 0.973221308077973, 0.7886903460606095, 0.7398174291863733, 0.9954083425167815, 0.7840799457028822, 0.9782878144333704, 0.7991602526977856, 0.9779104466559437, 0.9787473414296184, 0.7728793786665106, 0.9831552469996502, 0.5983171242175175, 0.8368833999237599, 0.9911128275756972, 0.6397672355296572, 0.9168487133641864, 0.5607031209475488, 0.8754760871139425, 0.9011471570785846], [0.9730786736714874, 0.9318586971863276, 0.9709416640587232, 0.8969800449383541, 0.9858803964861214, 0.8892286257738174, 0.8824620463639797, 0.9932436443095688, 0.9814023327848803, 0.9359526565514688, 0.9056691608176317, 0.9699476627732874, 0.9405583200089312, 1.000001, 0.8292706960583165, 0.9985879463717322, 0.8587843025628547, 0.884225237628723, 0.934183492650497, 0.9280845893159154, 0.9491141342092401, 0.962811558161928, 0.9954083425167815, 0.9789455407293862, 0.8660752555951554, 0.9451186364937592, 0.9881201557945538, 0.9168487139259046, 0.9918394299245988, 0.9590814638513689, 0.8950871163588561, 0.9631277315642786, 0.9384822126370547, 0.9470394982329107, 0.9495652890442605, 0.9675596408590823, 0.96922366407343, 0.8424988332762371, 0.9465212768524945, 0.8499538591907575, 0.8478372035014199, 0.8324223935588215, 0.9055841015568299, 0.891850130330287, 0.9239143655397146, 0.8959288995593306, 0.9513893537074469, 0.8992532729982677, 0.9901698890992591, 0.9408104919712174, 0.9861146033714678, 0.9541353836704118, 0.8584922178804145, 0.982954810386533, 0.9711048592908422, 0.8708609157634367, 0.9116934719661213, 0.8066106115393554, 0.8337128552611215, 0.976099372736266, 0.902277508091576, 0.988285007942994, 0.9424351094851814, 0.9131441945780798, 0.9662567482127722, 0.940778975695269, 0.9559168668620623, 0.9491141342092401, 0.9709416640587232, 0.9520639974990199, 0.9284655672133514, 0.9789455407566482, 0.7966966844267631, 0.9462392965524715, 0.9648431993371555, 0.8373170478870737, 0.9566258686748359, 0.7614507843077708, 0.9462392965524715, 0.9751675335764677], [0.9134917401600195, 0.6161248916329284, 0.9276589608654068, 0.9476623450718304, 0.802966349766973, 0.962811558161928, 0.704635871643054, 0.8297652880821389, 0.7244178911032401, 0.7238730829463039, 0.8747149418118454, 0.6915092258917943, 0.6336001322391743, 0.8292706960583165, 1.000001, 0.8486715726422317, 0.9787473417566954, 0.9253073163568206, 0.68239513006, 0.9625632352185659, 0.8529480642504844, 0.8892286257738174, 0.7862637075017302, 0.8957480758674903, 0.9943637375648262, 0.6479692448040918, 0.750257648127123, 0.9467824097074482, 0.8653895721137854, 0.8333732241524994, 0.8743618935313652, 0.6950412681352948, 0.7746939983911474, 0.8538230680796328, 0.8115613957877511, 0.8761263544655721, 0.9318586967549641, 0.9898263286960773, 0.9539570661016556, 0.9834964919992615, 0.9740690637350595, 0.9858803965773955, 0.8685748979867475, 0.9223618913179512, 0.9317894774326404, 0.9246123156927242, 0.9203086090982168, 0.9859878917676171, 0.8322586685913674, 0.7976418258302883, 0.8163262717917442, 0.6570028836350463, 0.997282888431191, 0.7317303779820427, 0.6956482256591408, 0.9922756470475104, 0.8938303029540404, 0.999008614121663, 0.9929792841699866, 0.7200265018995261, 0.949299976229616, 0.7492485476685923, 0.9408104917621738, 0.9765336913420964, 0.6833629597651628, 0.9502341972320729, 0.7054386356009231, 0.9590608485204812, 0.7324196687377988, 0.6977290070083019, 0.9244580845837603, 0.7357390694164352, 0.9972828883201005, 0.9081698889002945, 0.6798515008029853, 0.9801172943421985, 0.802468201540738, 0.9905152675683763, 0.8471928673122003, 0.8606744576577221], [0.9756702669113698, 0.9188815410417127, 0.976099372736266, 0.9022455872128002, 0.9776448393959509, 0.8969800443486783, 0.8943897467224933, 0.9963395103244358, 0.9713196740877988, 0.9416555221679486, 0.9253073163739538, 0.9590814641355067, 0.929267242150914, 0.9985879463717322, 0.8486715726422317, 1.000001, 0.8699764031367894, 0.8866257608383217, 0.9350490835943948, 0.9445727942608196, 0.9430117488187589, 0.9754423445292082, 0.992696594180822, 0.9794598396115902, 0.8813415498545104, 0.9362395988030023, 0.9829577201043259, 0.9357222071991901, 0.9903713316413266, 0.9513622421141891, 0.891339053588586, 0.9581612346762401, 0.9485962698331193, 0.9609143943723706, 0.9607006850932381, 0.9790231612224305, 0.9794685374722201, 0.8566471444274294, 0.9542993192797085, 0.8726354684942396, 0.8584541009524378, 0.8459752407168177, 0.9250466299240325, 0.9135334378429237, 0.9268339820415912, 0.8980237522147038, 0.9533207209495207, 0.9166056777823235, 0.9848623561330685, 0.9523228115213132, 0.9903713317880304, 0.9425606300416389, 0.8751627626109071, 0.9765928587551028, 0.9617353889578815, 0.8905121265164136, 0.9311680719375905, 0.8266733473186156, 0.8560122602693185, 0.9709416640587232, 0.9226454025888305, 0.9795440596902596, 0.9471988104738679, 0.9241210423060056, 0.9559132961495725, 0.9471988104738679, 0.9549989333833911, 0.9597445169592309, 0.9698851162887775, 0.9509711107243828, 0.9304060457189381, 0.975670267200422, 0.8185160774393928, 0.96172700611264, 0.9523576686703374, 0.8494542190303063, 0.9659618090361903, 0.7848136806586452, 0.9599221344438196, 0.9846172512276392], [0.9487208283739151, 0.6524194057262711, 0.9533207209495207, 0.9905152674766731, 0.8599046445570263, 0.9961595069212709, 0.669309672322868, 0.8400867860396388, 0.7687178980971561, 0.7104992581905438, 0.8266733473186156, 0.7324196684114528, 0.6664707923744263, 0.8587843025628547, 0.9787473417566954, 0.8699764031367894, 1.000001, 0.9815912915637001, 0.6806486876920619, 0.9416555217843577, 0.9218296253363237, 0.8711325070615399, 0.8121081717599463, 0.9361572101871343, 0.9932436441436081, 0.6744303931831043, 0.7792177771595393, 0.9119047852208879, 0.9055726568369565, 0.9024905824796574, 0.9492426184038174, 0.7143896398155899, 0.7514490337364538, 0.82580323685346, 0.7886903460606095, 0.860674457489944, 0.932590517460694, 0.9975639317076512, 0.9756702669113698, 0.938603987657286, 0.9994778741559656, 0.9978379044781619, 0.820562193611686, 0.8715844726351459, 0.9789600292381728, 0.9801172939512177, 0.9647208754295672, 0.9674747921325344, 0.8825808035214556, 0.7718608864927761, 0.8197619692803461, 0.6945659513559506, 0.9891757697125051, 0.7620805734848659, 0.7313632363342221, 0.9645100804792309, 0.848671573207944, 0.9754423445472697, 0.952781423080086, 0.7437952311856623, 0.9082607163521459, 0.7931685965868257, 0.9765928585019428, 0.9905064716753104, 0.7207081367256446, 0.9794598396115902, 0.712167417548705, 0.9660955705343407, 0.7431272879959842, 0.7041196690562147, 0.9743139690982795, 0.7549817840982186, 0.963173346639491, 0.8813415504093617, 0.725156083341008, 0.999008614121663, 0.785064302102369, 0.947662345124472, 0.8190828377656705, 0.8508248716538798], [0.9643978584564249, 0.7013387033271012, 0.9597445172968777, 0.997282888431191, 0.9088850917975004, 0.9927505600664857, 0.6506852287293218, 0.8503144111071264, 0.8167636573025213, 0.709866751371706, 0.7827127150515, 0.7803925576891964, 0.7114371164455319, 0.884225237628723, 0.9253073163568206, 0.8866257608383217, 0.9815912915637001, 1.000001, 0.6926553231557174, 0.9061562458408132, 0.9692562706811815, 0.8508777610889976, 0.8394713546672188, 0.9588636796293998, 0.9584358904236796, 0.713002965366224, 0.8125135572040272, 0.868236219644672, 0.9336846763146576, 0.9541353842363205, 0.9913529119998779, 0.7438901194837738, 0.7386567884241716, 0.8015429317354268, 0.7730827441398256, 0.8443290829241152, 0.9205100251431634, 0.9661067137648237, 0.9726362031421768, 0.8757649589900728, 0.9831387096558071, 0.9684011002020733, 0.7773644902461527, 0.8184174190509778, 0.994824926208858, 0.9996243781995967, 0.9836754320308806, 0.9268143630129654, 0.9228316566999539, 0.7550010813155529, 0.82580323685346, 0.7421476538927818, 0.9483746717023787, 0.7981096038207561, 0.7746939983911473, 0.9135334379782457, 0.8047746388063558, 0.9176612260999787, 0.8893549775016989, 0.7752619402674399, 0.858723596298899, 0.8386105081985467, 0.985083431020617, 0.9746193571528045, 0.7663049500859697, 0.9816243142796294, 0.7301271416004484, 0.9523576683255578, 0.7626074321645724, 0.7222833616270641, 0.9938612718009671, 0.781422675024187, 0.8979016714126943, 0.8511219245860262, 0.7776522123270625, 0.9758100944265429, 0.7749438263291899, 0.8734590088430031, 0.7954681140602093, 0.8410141276013375], [0.8412534853180017, 0.9585259143575074, 0.8453323202561458, 0.7159619878024309, 0.880831031690763, 0.7114371164455319, 0.9715897712743774, 0.9588636796293998, 0.9430324626258622, 0.9948463108632429, 0.8992532729982677, 0.9541692755531839, 0.9674687689434097, 0.934183492650497, 0.68239513006, 0.9350490835943948, 0.6806486876920619, 0.6926553231557174, 1.000001, 0.8349885087141964, 0.7884526815364765, 0.9251028091773511, 0.9609705165126575, 0.8503144111071262, 0.7093546658017564, 0.9790231615495997, 0.9674747923833308, 0.8484427822122357, 0.8840584693107504, 0.8099389330156905, 0.7028268290981112, 0.9883399650517758, 0.9789600294194397, 0.9425606300416389, 0.9675338653306317, 0.9362395986204938, 0.8781833850688755, 0.6708765228966211, 0.8049419774520092, 0.7469309117917352, 0.6641312013614121, 0.6551180138698972, 0.9034013828681215, 0.8508777610889976, 0.7514490344878113, 0.7084461482804749, 0.7959085722841351, 0.7792177778809495, 0.8825808035214556, 0.969931347788174, 0.9700272826088814, 0.9609143943723707, 0.7064494715680832, 0.9692236637765268, 0.9643167525811276, 0.7493116715541968, 0.8904802239119372, 0.6559994278018673, 0.7139791663142098, 0.9807085813027011, 0.8349537889488989, 0.9385592491845608, 0.7865615965237903, 0.7603120756355772, 0.961761010030175, 0.7888707033528808, 0.9971820799217851, 0.8263139112397305, 0.9916786208785026, 0.9978379044781619, 0.7569281478539783, 0.983562366028868, 0.655582674410141, 0.9027896197943281, 0.9447065453678829, 0.6558866286649724, 0.9747338227481757, 0.6221758770347656, 0.9461972843508321, 0.9480485536706682], [0.9585259139037214, 0.7614507843077706, 0.9716810302654662, 0.9328578437560143, 0.8865884974852182, 0.9425571090368609, 0.8519479595673872, 0.939388507884431, 0.8457333665702373, 0.8699764037489204, 0.9641347206127036, 0.8226220232805136, 0.7791974021628455, 0.9280845893159154, 0.9625632352185659, 0.9445727942608196, 0.9416555217843577, 0.9061562458408132, 0.8349885087141964, 1.000001, 0.8906924776567875, 0.9785151836924734, 0.9034013824666586, 0.9481074864959218, 0.9677551198552893, 0.7954681145475624, 0.8761099907371352, 0.9961595069212709, 0.9374057967083604, 0.8839461365670834, 0.8728047154812298, 0.8385598379261401, 0.9081698888750034, 0.9592853938131403, 0.9336846763146576, 0.9719383505570626, 0.9905152674766731, 0.9465212766943406, 0.9758100944265429, 0.9831552469996503, 0.9306847715319716, 0.9362395986204938, 0.960970516192373, 0.9822757220912911, 0.935722207407103, 0.9123048599901453, 0.9452621905186822, 0.9940069525597834, 0.9104497863540897, 0.9240497934406421, 0.933553801190037, 0.7963934609398488, 0.969458742007741, 0.8614243167272522, 0.8296872397656123, 0.9873962781138168, 0.9747338229381882, 0.95027444771428, 0.9747338226855102, 0.8562490872337103, 0.9938968784228397, 0.8644119373976593, 0.9574010030799284, 0.9749227116232196, 0.8185823819211828, 0.9658576997543268, 0.8518070498105266, 0.9898263286410937, 0.871706250647689, 0.8456689368673995, 0.9324006954168654, 0.8706319717471079, 0.9505302517665457, 0.9864215355120515, 0.8097028164381661, 0.9318586971863277, 0.9277853913283668, 0.9318586971863277, 0.9554189474386041, 0.963126532471684], [0.9815912918643919, 0.8266773292145637, 0.9708600077234334, 0.9645015158636321, 0.9789455407293862, 0.9513622423784241, 0.7175428507433297, 0.9124503765244518, 0.918404768059524, 0.7902387557337932, 0.7965035160745734, 0.8907940110685014, 0.8326397243018767, 0.9491141342092401, 0.8529480642504844, 0.9430117488187589, 0.9218296253363237, 0.9692562706811815, 0.7884526815364765, 0.8906924776567875, 1.000001, 0.8785237947177877, 0.9202343463824653, 0.9858803964861214, 0.8998232558105789, 0.82935115930803, 0.9051627109760254, 0.8566809330046472, 0.9794685374722202, 0.9983520201215428, 0.9865661257500289, 0.8479497262528225, 0.8009913004618393, 0.8374741114547861, 0.8258185622913693, 0.8788198243287995, 0.9317894774326404, 0.8971707901031146, 0.962359513152736, 0.824205217475305, 0.9196346900619164, 0.8957480762323803, 0.7934422010551495, 0.8089494969933136, 0.9807085813027011, 0.9747338229381882, 0.9873630612787317, 0.8893549775016988, 0.9819468270018934, 0.8097028164381661, 0.8905121265164136, 0.8599653112158532, 0.8867307448135021, 0.8963142800382071, 0.883318497138558, 0.8634108032738503, 0.813270250002948, 0.8365886038640904, 0.8262046841688635, 0.874943047420677, 0.8412924368405478, 0.932590517460694, 0.9768187778740663, 0.9412754340205647, 0.8781833844672304, 0.9694021247352267, 0.82624583492666, 0.9430575855574624, 0.8544405094730154, 0.8198297799222668, 0.9847262976454783, 0.8756483141013334, 0.8159999714960823, 0.8655432606327015, 0.8913164182679795, 0.9063130666504796, 0.833712854680685, 0.7818339725784018, 0.833628717029566, 0.8842687770752309], [0.9473270352011257, 0.852078963369672, 0.95864087689043, 0.8788373331226178, 0.9116934719661214, 0.8839203676251065, 0.9335427479139478, 0.9821235005340168, 0.906695010863213, 0.95027444771428, 0.9850797512687346, 0.8944305723341346, 0.8684654723099378, 0.962811558161928, 0.8892286257738174, 0.9754423445292082, 0.8711325070615399, 0.8508777610889976, 0.9251028091773511, 0.9785151836924734, 0.8785237947177877, 1.000001, 0.9558735481430632, 0.9434313451176675, 0.9022455872630523, 0.8850422090186699, 0.938603987657286, 0.9834964919992615, 0.9492426184038174, 0.8822689552958524, 0.8322586685913675, 0.9203689538976686, 0.9730786736443888, 0.9953106696108197, 0.9864215355120515, 0.9994778741837993, 0.9870283122128036, 0.8711247716641506, 0.945466269507151, 0.933553801190037, 0.8566471444274294, 0.8573224368956293, 0.9846172511729449, 0.9779104466559437, 0.8950921419798534, 0.8614924781398383, 0.9196346900619166, 0.9509711107243828, 0.9293332601469407, 0.9811840668382023, 0.9831552469996